uh' [0.0, 60.0, 0.0, 0.0, 5.5, 2500.0, 500.0, 0.8, 0.89, 0.99, 0.81, 0.76, 1.05, 1.23, 1.12, 0.1] 74.0 27.8
gs [0.0, 0.0, 0.0, 0.0, 5.5, 2500.0, 500.0, 0.8, 0.8, 0.8, 0.8, 0.8, 0.8, 0.8, 0.8, 0.1] 70.0 18.0
d' [-2.0, 43.5, 0.0, 0.0, 6.7, 4500.0, 2000.0, 0.8, 1.31, 1.49, 1.25, 0.76, 0.1, 1.44, 1.31, 0.1] 73.2 28.0
y' [0.0, 60.0, 0.0, 0.0, 5.5, 2500.0, 500.0, 0.8, 1.67, 1.91, 1.99, 0.63, 0.29, 0.58, 1.49, 0.25] 84.4 37.7
kx' [-10.0, 0.0, 0.0, 0.0, 4.7, 2000.0, 2000.0, 0.8, 1.7, 1.3, 0.99, 0.1, 1.07, 0.73, 1.49, 0.1] 114.6 30.0
tx [-10.0, 0.0, 0.0, 0.0, 6.7, 4500.0, 2000.0, 0.8, 1.31, 1.49, 1.25, 0.76, 0.1, 1.44, 1.31, 0.1] 90.0 24.2
ll [0.0, 60.0, 0.0, 0.0, 5.5, 2500.0, 500.0, 0.8, 0.63, 0.47, 0.65, 1.54, 0.45, 0.26, 1.05, 0.1] 72.0 22.6
ls [0.0, 60.0, 0.0, 0.0, 5.5, 2500.0, 500.0, 0.8, 0.63, 0.47, 0.65, 1.54, 0.45, 0.26, 1.05, 0.1] 100.0 22.6
q' [0.0, 0.0, 0.0, 0.0, 5.5, 2500.0, 500.0, 0.8, 0.89, 0.99, 0.81, 0.76, 1.05, 1.23, 0.01, 0.1] 21.0 7.0
sh' [0.0, 0.0, 0.0, 0.4, 5.6, 2500.0, 2600.0, 0.8, 1.36, 1.74, 1.87, 0.94, 0.37, 0.79, 0.79, 0.1] 124.2 24.2
ee' [0.0, 60.0, 0.0, 0.0, 5.5, 2500.0, 500.0, 0.8, 1.67, 1.905, 1.985, 0.81, 0.495, 0.73, 1.485, 0.1] 141.8 27.8
qz' [-1.0, 0.0, 0.0, 0.0, 5.8, 5500.0, 500.0, 0.8, 1.31, 1.49, 1.25, 0.9, 0.2, 0.6, 1.31, 0.1] 6.0 2.0
bx' [-2.0, 43.5, 0.0, 0.0, 7.0, 2000.0, 700.0, 0.8, 0.89, 0.76, 1.28, 1.8, 0.99, 0.84, 0.1, 0.1] 94.0 21.5
ls' [0.0, 60.0, 0.0, 0.0, 5.5, 2500.0, 500.0, 0.8, 0.63, 0.47, 0.65, 1.54, 0.45, 0.26, 1.05, 0.1] 150.0 22.6
dh [-1.0, 54.0, 0.0, 0.25, 6.0, 4400.0, 4500.0, 0.8, 1.2, 1.5, 1.35, 1.2, 1.2, 0.4, 1.0, 0.1] 41.4 44.0
qp [-10.0, 0.0, 0.0, 0.0, 7.0, 2000.0, 700.0, 0.8, 0.89, 0.76, 1.28, 1.8, 0.99, 0.84, 0.1, 0.1] 6.0 2.0
g' [-2.0, 43.5, 0.0, 0.0, 4.7, 2000.0, 2000.0, 0.8, 1.7, 1.3, 0.99, 0.1, 1.07, 0.73, 1.49, 0.1] 68.2 22.0
dx [-2.0, 43.5, 0.0, 0.0, 6.7, 4500.0, 2000.0, 0.8, 1.31, 1.49, 1.25, 0.76, 0.1, 1.44, 1.31, 0.1] 51.6 28.5
ll' [0.0, 60.0, 0.0, 0.0, 5.5, 2500.0, 500.0, 0.8, 0.63, 0.47, 0.65, 1.54, 0.45, 0.26, 1.05, 0.1] 84.0 22.6
qt [-10.0, 0.0, 0.0, 0.0, 7.0, 4500.0, 2000.0, 0.8, 1.31, 1.49, 1.25, 0.76, 0.1, 1.44, 1.31, 0.1] 6.0 2.0
l' [0.0, 60.0, 0.0, 0.0, 5.5, 2500.0, 500.0, 0.8, 0.89, 1.1, 0.97, 0.89, 0.34, 0.29, 1.12, 0.1] 84.0 22.6
qs [0.0, 0.0, 0.0, 0.0, 5.8, 5500.0, 500.0, 0.8, 1.31, 1.49, 1.25, 0.9, 0.2, 0.4, 1.31, 0.1] 6.0 2.0
ng' [0.0, 60.0, 0.0, 0.0, 5.5, 2500.0, 500.0, 0.8, 1.7, 1.3, 0.99, 0.1, 1.07, 0.73, 1.49, 0.5] 68.0 28.5
d [-2.0, 43.5, 0.0, 0.0, 6.7, 4500.0, 2000.0, 0.8, 1.31, 1.49, 1.25, 0.76, 0.1, 1.44, 1.3, 0.1] 45.6 28.0
h [0.0, 0.0, 10.0, 0.0, 5.5, 2500.0, 500.0, 0.8, 0.8, 0.8, 0.8, 0.8, 0.8, 0.8, 0.8, 0.1] 49.8 27.8
f [-1.0, 0.0, 0.0, 0.5, 7.0, 3300.0, 1000.0, 0.8, 0.89, 0.99, 0.81, 0.76, 0.89, 0.84, 0.5, 0.1] 70.0 40.0
l [0.0, 60.0, 0.0, 0.0, 5.5, 2500.0, 500.0, 0.8, 0.89, 1.1, 0.97, 0.89, 0.34, 0.29, 1.12, 0.1] 72.0 22.6
p [-10.0, 0.0, 0.0, 0.0, 7.0, 2000.0, 700.0, 0.8, 0.89, 0.76, 1.28, 1.8, 0.99, 0.84, 0.1, 0.1] 76.0 18.3
qc [-2.0, 0.0, 0.0, 0.0, 5.6, 2500.0, 2600.0, 0.8, 1.36, 1.74, 1.87, 0.94, 0.1, 0.79, 0.79, 0.1] 6.0 2.0
qz [-1.0, 0.0, 0.0, 0.0, 5.8, 5500.0, 500.0, 0.8, 1.31, 1.49, 1.25, 0.9, 0.2, 0.6, 1.31, 0.1] 6.0 2.0
t [-10.0, 0.0, 0.0, 0.0, 7.0, 4500.0, 2000.0, 0.8, 1.31, 1.49, 1.25, 0.76, 0.1, 1.44, 1.31, 0.1] 49.8 24.2
t' [-10.0, 0.0, 0.0, 0.0, 7.0, 4500.0, 2000.0, 0.8, 1.31, 1.49, 1.25, 0.76, 0.1, 1.44, 1.31, 0.1] 70.4 24.2
qk [-10.0, 0.0, 0.0, 0.0, 4.7, 2000.0, 2000.0, 0.8, 1.7, 1.3, 0.99, 0.1, 1.07, 0.73, 1.49, 0.1] 6.0 2.0
w' [0.0, 60.0, 0.0, 0.0, 5.5, 2500.0, 500.0, 0.8, 1.91, 1.44, 0.6, 1.02, 1.33, 1.56, 0.55, 0.1] 68.6 33.7
b' [-2.0, 43.5, 0.0, 0.0, 7.0, 2000.0, 700.0, 0.8, 0.89, 0.76, 1.28, 1.8, 0.99, 0.84, 0.1, 0.1] 70.8 24.0
zh [-1.0, 54.0, 0.0, 0.4, 5.6, 2500.0, 2600.0, 0.8, 1.36, 1.74, 1.87, 0.94, 0.37, 0.79, 0.79, 0.1] 40.0 29.6
ee [0.0, 60.0, 0.0, 0.0, 5.5, 2500.0, 500.0, 0.8, 1.67, 1.905, 1.985, 0.81, 0.495, 0.73, 1.485, 0.1] 82.4 27.8
#' [0.0, 0.0, 0.0, 0.0, 5.5, 2500.0, 500.0, 0.8, 0.89, 0.99, 0.81, 0.76, 1.05, 1.23, 0.01, 0.1] 72.0 20.0
uu' [0.0, 60.0, 0.0, 0.0, 5.5, 2500.0, 500.0, 0.8, 1.91, 1.44, 0.6, 1.02, 1.33, 1.56, 0.55, 0.1] 145.2 27.8
j' [-2.0, 48.0, 0.0, 0.0, 5.6, 2500.0, 2600.0, 0.8, 1.36, 1.74, 1.87, 0.94, 0.0, 0.79, 0.79, 0.1] 100.0 24.2
er [0.0, 60.0, 0.0, 0.0, 5.5, 2500.0, 500.0, 0.8, 0.885, 0.99, 0.81, 0.755, 1.045, 1.225, 1.12, 0.1] 132.2 27.8
# [0.0, 0.0, 0.0, 0.0, 5.5, 2500.0, 500.0, 0.8, 0.89, 0.99, 0.81, 0.76, 1.05, 1.23, 0.01, 0.1] 72.0 20.0
rr [0.0, 60.0, 0.0, 0.0, 5.5, 2500.0, 500.0, 0.8, 1.31, 0.73, 1.31, 2.12, 0.63, 1.78, 0.65, 0.1] 40.4 40.0
o' [0.0, 60.0, 0.0, 0.0, 5.5, 2500.0, 500.0, 0.8, 1.0, 0.93, 0.6, 1.27, 1.83, 1.97, 1.12, 0.1] 103.8 27.8
un [0.0, 60.0, 0.0, 0.0, 5.5, 2500.0, 500.0, 0.8, 0.885, 0.99, 0.81, 0.755, 1.045, 1.225, 1.12, 1.5] 46.2 27.8
un' [0.0, 60.0, 0.0, 0.0, 5.5, 2500.0, 500.0, 0.8, 0.885, 0.99, 0.81, 0.755, 1.045, 1.225, 1.12, 1.5] 74.0 27.8
uh [0.0, 60.0, 0.0, 0.0, 5.5, 2500.0, 500.0, 0.8, 0.89, 0.99, 0.81, 0.76, 1.05, 1.23, 1.12, 0.1] 46.2 27.8
rr' [0.0, 60.0, 0.0, 0.0, 5.5, 2500.0, 500.0, 0.8, 1.31, 0.73, 1.31, 2.12, 0.63, 1.78, 0.65, 0.1] 70.8 40.0
e' [0.0, 60.0, 0.0, 0.0, 5.5, 2500.0, 500.0, 0.8, 0.68, 1.12, 1.695, 1.385, 1.07, 1.045, 2.06, 0.1] 77.6 27.8
z' [-1.0, 54.0, 0.0, 0.8, 5.8, 5500.0, 500.0, 0.8, 1.31, 1.49, 1.25, 0.9, 0.2, 0.6, 1.31, 0.1] 84.8 30.4
m' [0.0, 60.0, 0.0, 0.0, 5.5, 2500.0, 500.0, 0.8, 0.89, 0.76, 1.28, 1.8, 0.99, 0.84, 0.1, 0.5] 94.4 16.0
qt' [-10.0, 0.0, 0.0, 0.0, 7.0, 4500.0, 2000.0, 0.8, 1.31, 1.49, 1.25, 0.76, 0.1, 1.44, 1.31, 0.1] 6.0 2.0
ar' [0.0, 60.0, 0.0, 0.0, 5.5, 2500.0, 500.0, 0.8, 0.52, 0.45, 0.79, 1.49, 1.67, 1.02, 1.59, 0.1] 181.6 27.8
th [0.0, 0.0, 0.0, 0.25, 6.0, 4400.0, 4500.0, 0.8, 1.2, 1.5, 1.35, 1.2, 1.2, 0.4, 1.0, 0.1] 54.6 40.0
bx [-2.0, 43.5, 0.0, 0.0, 7.0, 2000.0, 700.0, 0.8, 0.89, 0.76, 1.28, 1.8, 0.99, 0.84, 0.1, 0.1] 74.0 21.5
on [0.0, 60.0, 0.0, 0.0, 5.5, 2500.0, 500.0, 0.8, 1.0, 0.925, 0.6, 1.265, 1.83, 1.965, 1.12, 1.5] 70.4 27.8
g [-2.0, 43.5, 0.0, 0.0, 4.7, 2000.0, 2000.0, 0.8, 1.7, 1.3, 0.99, 0.1, 1.07, 0.73, 1.49, 0.1] 53.4 22.0
oh [0.0, 0.0, 0.0, 0.0, 5.5, 2500.0, 500.0, 0.8, 0.885, 0.99, 0.81, 0.755, 1.045, 1.225, 1.12, 0.1] 37.8 27.8
k [-10.0, 0.0, 0.0, 0.0, 4.7, 2000.0, 2000.0, 0.8, 1.7, 1.3, 0.99, 0.1, 1.07, 0.73, 1.49, 0.1] 62.8 30.0
o [0.0, 60.0, 0.0, 0.0, 5.5, 2500.0, 500.0, 0.8, 1.0, 0.925, 0.6, 1.27, 1.83, 1.97, 1.12, 0.1] 70.4 27.8
s [0.0, 0.0, 0.0, 0.8, 5.8, 5500.0, 500.0, 0.8, 1.31, 1.49, 1.25, 0.9, 0.2, 0.4, 1.31, 0.1] 78.2 29.6
r' [0.0, 60.0, 0.0, 0.0, 5.5, 2500.0, 500.0, 0.8, 1.31, 0.73, 1.07, 2.12, 0.47, 1.78, 0.65, 0.1] 70.8 40.0
w [0.0, 60.0, 0.0, 0.0, 5.5, 2500.0, 500.0, 0.8, 1.91, 1.44, 0.6, 1.02, 1.33, 1.56, 0.55, 0.1] 47.4 33.7
ov [0.0, 60.0, 0.0, 0.0, 5.5, 2500.0, 500.0, 0.8, 0.885, 0.99, 0.81, 0.755, 1.045, 1.225, 1.12, 0.1] 37.8 27.8
ch [-2.0, 0.0, 0.0, 0.0, 5.6, 2500.0, 2600.0, 0.8, 1.36, 1.74, 1.87, 0.94, 0.0, 0.79, 0.79, 0.1] 118.6 24.2
qs' [0.0, 0.0, 0.0, 0.0, 5.8, 5500.0, 500.0, 0.8, 1.31, 1.49, 1.25, 0.9, 0.2, 0.4, 1.31, 0.1] 6.0 2.0
h' [0.0, 0.0, 10.0, 0.0, 5.5, 2500.0, 500.0, 0.8, 0.8, 0.8, 0.8, 0.8, 0.8, 0.8, 0.8, 0.1] 66.6 27.8
aa' [0.0, 60.0, 0.0, 0.0, 5.5, 2500.0, 500.0, 0.8, 0.65, 0.84, 1.15, 1.31, 1.59, 1.59, 2.61, 0.1] 122.0 27.8
px [-10.0, 0.0, 0.0, 0.0, 7.0, 2000.0, 700.0, 0.8, 0.89, 0.76, 1.28, 1.8, 0.99, 0.84, 0.1, 0.1] 89.4 18.3
er' [0.0, 60.0, 0.0, 0.0, 5.5, 2500.0, 500.0, 0.8, 0.885, 0.99, 0.81, 0.755, 1.045, 1.225, 1.12, 0.1] 167.6 27.8
zh' [-1.0, 54.0, 0.0, 0.4, 5.6, 2500.0, 2600.0, 0.8, 1.36, 1.74, 1.87, 0.94, 0.37, 0.79, 0.79, 0.1] 83.0 29.6
ph [-1.0, 0.0, 0.0, 24.0, 7.0, 864.0, 3587.0, 0.8, 0.89, 0.99, 0.81, 0.6, 0.52, 0.71, 0.24, 0.1] 100.0 18.3
ah' [0.0, 60.0, 0.0, 0.0, 5.5, 2500.0, 500.0, 0.8, 0.65, 0.45, 0.94, 1.1, 1.52, 1.46, 2.45, 0.1] 118.5 27.8
tx' [-10.0, 0.0, 0.0, 0.0, 6.7, 4500.0, 2000.0, 0.8, 1.31, 1.49, 1.25, 0.76, 0.1, 1.44, 1.31, 0.1] 107.0 24.2
hv [0.0, 42.0, 10.0, 0.0, 5.5, 2500.0, 500.0, 0.8, 0.8, 0.8, 0.8, 0.8, 0.8, 0.8, 0.8, 0.1] 49.8 27.8
on' [0.0, 60.0, 0.0, 0.0, 7.0, 2000.0, 1000.0, 0.8, 1.0, 0.925, 0.6, 1.265, 1.83, 1.965, 1.12, 1.5] 103.8 27.8
hv' [0.0, 42.0, 10.0, 0.0, 5.5, 2500.0, 500.0, 0.8, 0.8, 0.8, 0.8, 0.8, 0.8, 0.8, 0.8, 0.1] 66.6 27.8
hh [0.0, 0.0, 10.0, 0.0, 1.0, 1000.0, 1000.0, 0.8, 0.24, 0.4, 0.81, 0.76, 1.05, 1.23, 1.12, 0.1] 63.8 34.2
px' [-10.0, 0.0, 0.0, 0.0, 7.0, 2000.0, 700.0, 0.8, 0.89, 0.76, 1.28, 1.8, 0.99, 0.84, 0.1, 0.1] 116.2 18.3
u' [0.0, 60.0, 0.0, 0.0, 5.5, 2500.0, 500.0, 0.8, 0.625, 0.6, 0.705, 1.12, 1.93, 1.515, 0.625, 0.1] 108.8 27.8
^ [0.0, 0.0, 0.0, 0.0, 5.5, 2500.0, 500.0, 0.8, 0.89, 0.99, 0.81, 0.76, 1.05, 1.23, 0.01, 0.1] 100.0 40.0
b [-2.0, 43.5, 0.0, 0.0, 7.0, 2000.0, 700.0, 0.8, 0.89, 0.76, 1.28, 1.8, 0.99, 0.84, 0.1, 0.1] 61.0 24.0
ch' [-2.0, 0.0, 0.0, 0.0, 5.6, 2500.0, 2600.0, 0.8, 1.36, 1.74, 1.87, 0.94, 0.0, 0.79, 0.79, 0.1] 118.8 62.0
uu [0.0, 60.0, 0.0, 0.0, 5.5, 2500.0, 500.0, 0.8, 1.91, 1.44, 0.6, 1.02, 1.33, 1.56, 0.55, 0.1] 105.2 27.8
j [-2.0, 48.0, 0.0, 0.0, 5.6, 2500.0, 2600.0, 0.8, 1.36, 1.74, 1.87, 0.94, 0.0, 0.79, 0.79, 0.1] 93.4 24.2
n [0.0, 60.0, 0.0, 0.0, 5.5, 2500.0, 500.0, 0.8, 1.31, 1.49, 1.25, 1.0, 0.05, 1.44, 1.31, 0.5] 50.6 25.7
i [0.0, 60.0, 0.0, 0.0, 5.5, 2500.0, 500.0, 0.8, 1.045, 1.565, 1.75, 0.94, 0.68, 0.785, 1.12, 0.1] 53.2 27.8
r [0.0, 60.0, 0.0, 0.0, 5.5, 2500.0, 500.0, 0.8, 1.31, 0.73, 1.07, 2.12, 0.47, 1.78, 0.65, 0.1] 40.4 40.0
qc' [-2.0, 0.0, 0.0, 0.0, 5.6, 2500.0, 2600.0, 0.8, 1.36, 1.74, 1.87, 0.94, 0.1, 0.79, 0.79, 0.1] 6.0 2.0
p' [-10.0, 0.0, 0.0, 0.0, 7.0, 2000.0, 700.0, 0.8, 0.89, 0.76, 1.28, 1.8, 0.99, 0.84, 0.1, 0.1] 81.6 18.3
v [-1.0, 54.0, 0.0, 0.2, 7.0, 3300.0, 1000.0, 0.8, 0.89, 0.99, 0.81, 0.76, 0.89, 0.84, 0.5, 0.1] 48.4 44.0
z [-1.0, 54.0, 0.0, 0.8, 5.8, 5500.0, 500.0, 0.8, 1.31, 1.49, 1.25, 0.9, 0.2, 0.6, 1.31, 0.1] 56.6 30.4
aa [0.0, 60.0, 0.0, 0.0, 5.5, 2500.0, 500.0, 0.8, 0.65, 0.84, 1.15, 1.31, 1.59, 1.59, 2.61, 0.1] 84.0 27.8
ah [0.0, 60.0, 0.0, 0.0, 5.5, 2500.0, 500.0, 0.8, 0.65, 0.45, 0.94, 1.1, 1.52, 1.46, 2.45, 0.1] 65.4 27.8
f' [-1.0, 0.0, 0.0, 0.5, 7.0, 3300.0, 1000.0, 0.8, 0.89, 0.99, 0.81, 0.76, 0.89, 0.84, 0.5, 0.1] 98.0 40.0
ph' [-1.0, 0.0, 0.0, 24.0, 7.0, 864.0, 3587.0, 0.8, 0.89, 0.99, 0.81, 0.6, 0.52, 0.71, 0.24, 0.1] 126.0 18.3
an [0.0, 60.0, 0.0, 0.0, 5.5, 2500.0, 500.0, 0.8, 0.52, 0.45, 0.79, 1.49, 1.67, 1.02, 1.59, 1.5] 106.8 27.8
ar [0.0, 60.0, 0.0, 0.0, 5.5, 2500.0, 500.0, 0.8, 0.52, 0.45, 0.79, 1.49, 1.67, 1.02, 1.59, 0.1] 106.8 27.8
ov' [0.0, 60.0, 0.0, 0.0, 5.5, 2500.0, 500.0, 0.8, 0.885, 0.99, 0.81, 0.755, 1.045, 1.225, 1.12, 0.1] 41.8 27.8
aw [0.0, 60.0, 0.0, 0.0, 5.5, 2500.0, 500.0, 0.8, 1.1, 0.94, 0.42, 1.49, 1.67, 1.78, 1.05, 0.1] 114.0 27.8
in [0.0, 60.0, 0.0, 0.0, 5.5, 2500.0, 500.0, 0.8, 0.65, 0.835, 1.15, 1.305, 1.59, 1.59, 2.61, 1.5] 84.0 27.8
aw' [0.0, 60.0, 0.0, 0.0, 5.5, 2500.0, 500.0, 0.8, 1.1, 0.94, 0.42, 1.49, 1.67, 1.78, 1.05, 0.1] 194.0 27.8
k' [-10.0, 0.0, 0.0, 0.0, 4.7, 2000.0, 2000.0, 0.8, 1.7, 1.3, 0.99, 0.1, 1.07, 0.73, 1.49, 0.1] 82.4 30.0
ng [0.0, 60.0, 0.0, 0.0, 5.5, 2500.0, 500.0, 0.8, 1.7, 1.3, 0.99, 0.1, 1.07, 0.73, 1.49, 0.5] 50.0 28.5
gs' [0.0, 0.0, 0.0, 0.0, 5.5, 2500.0, 500.0, 0.8, 0.8, 0.8, 0.8, 0.8, 0.8, 0.8, 0.8, 0.1] 90.0 18.0
th' [0.0, 0.0, 0.0, 0.25, 6.0, 4400.0, 4500.0, 0.8, 1.2, 1.5, 1.35, 1.2, 1.2, 0.4, 1.5, 0.1] 116.2 40.0
s' [0.0, 0.0, 0.0, 0.8, 5.8, 5500.0, 500.0, 0.8, 1.31, 1.49, 1.25, 0.9, 0.2, 0.4, 1.31, 0.1] 111.6 29.6
^' [0.0, 0.0, 0.0, 0.0, 5.5, 2500.0, 500.0, 0.8, 0.89, 0.99, 0.81, 0.76, 1.05, 1.23, 0.01, 0.1] 100.0 40.0
an' [0.0, 60.0, 0.0, 0.0, 5.5, 2500.0, 500.0, 0.8, 0.52, 0.45, 0.79, 1.49, 1.67, 1.02, 1.59, 1.5] 181.6 27.8
a' [0.0, 60.0, 0.0, 0.0, 5.5, 2500.0, 500.0, 0.8, 0.65, 0.65, 0.65, 1.31, 1.23, 1.31, 1.67, 0.1] 132.4 27.8
v' [-1.0, 54.0, 0.0, 0.2, 7.0, 3300.0, 1000.0, 0.8, 0.89, 0.99, 0.81, 0.76, 0.89, 0.84, 0.5, 0.1] 70.0 44.0
qk' [-10.0, 0.0, 0.0, 0.0, 4.7, 2000.0, 2000.0, 0.8, 1.7, 1.3, 0.99, 0.1, 1.07, 0.73, 1.49, 0.1] 6.0 2.0
oh' [0.0, 0.0, 0.0, 0.0, 5.5, 2500.0, 500.0, 0.8, 0.885, 0.99, 0.81, 0.755, 1.045, 1.225, 1.12, 0.1] 41.8 27.8
qp' [-10.0, 0.0, 0.0, 0.0, 7.0, 2000.0, 700.0, 0.8, 0.89, 0.76, 1.28, 1.8, 0.99, 0.84, 0.1, 0.1] 6.0 2.0
x' [0.0, 0.0, 0.0, 0.5, 2.0, 1770.0, 900.0, 0.8, 1.7, 1.3, 0.4, 0.99, 1.07, 0.73, 1.49, 0.1] 124.0 45.0
hh' [0.0, 0.0, 10.0, 0.0, 1.0, 1000.0, 1000.0, 0.8, 0.24, 0.4, 0.81, 0.76, 1.05, 1.23, 1.12, 0.1] 124.2 24.2
x [0.0, 0.0, 0.0, 0.5, 2.0, 1770.0, 900.0, 0.8, 1.7, 1.3, 0.4, 0.99, 1.07, 0.73, 1.49, 0.1] 98.0 30.0
dx' [-2.0, 43.5, 0.0, 0.0, 6.7, 4500.0, 2000.0, 0.8, 1.31, 1.49, 1.25, 0.76, 0.1, 1.44, 1.31, 0.1] 65.4 28.5
in' [0.0, 60.0, 0.0, 0.0, 5.5, 2500.0, 500.0, 0.8, 0.65, 0.835, 1.15, 1.305, 1.59, 1.59, 2.61, 1.5] 122.0 27.8
i' [0.0, 60.0, 0.0, 0.0, 5.5, 2500.0, 500.0, 0.8, 1.045, 1.565, 1.75, 0.94, 0.68, 0.785, 1.12, 0.1] 76.2 27.8
a [0.0, 60.0, 0.0, 0.0, 5.5, 2500.0, 500.0, 0.8, 0.65, 0.65, 0.65, 1.31, 1.23, 1.31, 1.67, 0.1] 77.0 27.8
e [0.0, 60.0, 0.0, 0.0, 5.5, 2500.0, 500.0, 0.8, 0.68, 1.12, 1.695, 1.385, 1.07, 1.045, 2.06, 0.1] 61.0 27.8
dh' [-1.0, 54.0, 0.0, 0.25, 6.0, 4400.0, 4500.0, 0.8, 1.2, 1.5, 1.35, 1.2, 1.2, 0.4, 1.0, 0.1] 41.4 44.0
m [0.0, 60.0, 0.0, 0.0, 5.5, 2500.0, 500.0, 0.8, 0.89, 0.76, 1.28, 1.8, 0.99, 0.84, 0.1, 0.5] 49.8 16.0
n' [0.0, 60.0, 0.0, 0.0, 5.5, 2500.0, 500.0, 0.8, 1.31, 1.49, 1.25, 1.0, 0.05, 1.44, 1.31, 0.5] 66.0 25.7
q [0.0, 0.0, 0.0, 0.0, 5.5, 2500.0, 500.0, 0.8, 0.89, 0.99, 0.81, 0.76, 1.05, 1.23, 0.01, 0.1] 18.0 6.0
sh [0.0, 0.0, 0.0, 0.4, 5.6, 2500.0, 2600.0, 0.8, 1.36, 1.74, 1.87, 0.94, 0.37, 0.79, 0.79, 0.1] 63.8 24.2
u [0.0, 60.0, 0.0, 0.0, 5.5, 2500.0, 500.0, 0.8, 0.625, 0.6, 0.705, 1.12, 1.93, 1.515, 0.625, 0.1] 51.0 27.8
y [0.0, 60.0, 0.0, 0.0, 5.5, 2500.0, 500.0, 0.8, 1.67, 1.91, 1.99, 0.63, 0.29, 0.58, 1.49, 0.25] 54.6 37.7
kx [-10.0, 0.0, 0.0, 0.0, 4.7, 2000.0, 2000.0, 0.8, 1.7, 1.3, 0.99, 0.1, 1.07, 0.73, 1.49, 0.1] 87.2 30.0
